2.788536 -4.749892 5.500586
-5.535785 2.364712 13.53399
7.843591 -4.130612 8.438436
-9.404056 -2.81362 10.107106
-9.469281 -3.011623 12.997689
0.89883 -2.795594 11.785314
6.188609 -4.935012 16.116385
3.962788 -1.597495 3.10959
9.144261 -1.634055 1.854917
-8.065672 3.474944 12.074521
6.142565 2.297318 10.724562
9.462315 -1.214656 11.040813
6.588093 1.185198 17.234138
1.547043 2.045718 0.916488
-5.442034 -2.10612 1.59584
-5.344182 -3.989986 5.559472
2.713689 -1.351678 7.403619
-5.809859 -2.330222 18.733092
2.960708 1.09131 3.422773
4.582536 -3.365975 7.589109
9.790467 1.399998 11.138995
3.692285 3.428519 15.519998
-5.419039 -4.678998 6.309061
-4.645182 -2.890172 18.858194
7.527353 -1.853221 13.108773
-2.087362 4.145476 9.177037
-4.702397 -2.533725 11.227363
-4.745168 0.84586 17.956458
-2.01199 -2.806792 19.950752
0.190526 -4.090906 0.942328
-7.807017 1.27446 15.841587
-1.556801 -4.364723 7.632386
9.922428 0.291143 19.421568
7.215594 -4.88519 14.414436
3.634207 0.369703 5.336504
2.819236 -3.884478 8.695305
-0.925526 4.538159 17.517059
-4.732219 0.005861 3.573038
8.252557 3.705186 5.968896
2.77899 1.089702 3.056785
5.250216 0.39379 15.57253
0.607073 -4.994281 6.483121
-9.610465 4.290986 17.574438
6.633311 -1.924859 1.158503
7.560192 4.469494 1.713069
-0.280191 -4.307875 15.212043
5.316689 -3.716085 9.505648
0.996072 -2.349434 17.448661
-1.537241 -2.882018 10.785922
4.598621 -2.988489 6.234326
9.902987 1.498781 8.762002
0.351517 -3.789958 4.493947
-3.238289 0.883087 4.602295
-5.595652 -4.290069 12.622059
-5.421164 4.0542 17.192708
-8.582853 -2.619954 13.379556
-5.715264 -3.676882 18.710285
1.420862 -0.27329 15.692388
6.14994 -3.095901 1.938616
-1.378976 -0.764214 9.340493
4.581517 1.733645 19.683304
-8.031643 -0.973787 6.786052
7.233451 -2.513437 3.804178
-1.027729 -0.781184 5.570903
